1	1	0
20
Fyy7aSH6tb
2024	3	12
13:00
Форсаж 7
1	2	0
20
Fyy7aSH6tb
2024	3	12
13:00
Форсаж 7
1	3	0
20
Fyy7aSH6tb
2024	3	12
13:00
Форсаж 7
1	4	0
20
Fyy7aSH6tb
2024	3	12
13:00
Форсаж 7
1	5	0
20
Fyy7aSH6tb
2024	3	12
13:00
Форсаж 7
1	6	0
20
Fyy7aSH6tb
2024	3	12
13:00
Форсаж 7
1	7	0
20
Fyy7aSH6tb
2024	3	12
13:00
Форсаж 7
1	8	0
20
Fyy7aSH6tb
2024	3	12
13:00
Форсаж 7
1	9	0
20
Fyy7aSH6tb
2024	3	12
13:00
Форсаж 7
1	10	0
20
Fyy7aSH6tb
2024	3	12
13:00
Форсаж 7
2	1	0
20
Fyy7aSH6tb
2024	3	12
13:00
Форсаж 7
2	2	0
20
Fyy7aSH6tb
2024	3	12
13:00
Форсаж 7
2	3	0
20
Fyy7aSH6tb
2024	3	12
13:00
Форсаж 7
2	4	0
20
Fyy7aSH6tb
2024	3	12
13:00
Форсаж 7
2	5	0
20
Fyy7aSH6tb
2024	3	12
13:00
Форсаж 7
2	6	0
20
Fyy7aSH6tb
2024	3	12
13:00
Форсаж 7
2	7	0
20
Fyy7aSH6tb
2024	3	12
13:00
Форсаж 7
2	8	0
20
Fyy7aSH6tb
2024	3	12
13:00
Форсаж 7
2	9	0
20
Fyy7aSH6tb
2024	3	12
13:00
Форсаж 7
2	10	0
20
Fyy7aSH6tb
2024	3	12
13:00
Форсаж 7
3	1	0
20
Fyy7aSH6tb
2024	3	12
13:00
Форсаж 7
3	2	0
20
Fyy7aSH6tb
2024	3	12
13:00
Форсаж 7
3	3	0
20
Fyy7aSH6tb
2024	3	12
13:00
Форсаж 7
3	4	0
20
Fyy7aSH6tb
2024	3	12
13:00
Форсаж 7
3	5	0
20
Fyy7aSH6tb
2024	3	12
13:00
Форсаж 7
3	6	0
20
Fyy7aSH6tb
2024	3	12
13:00
Форсаж 7
3	7	0
20
Fyy7aSH6tb
2024	3	12
13:00
Форсаж 7
3	8	0
20
Fyy7aSH6tb
2024	3	12
13:00
Форсаж 7
3	9	0
20
Fyy7aSH6tb
2024	3	12
13:00
Форсаж 7
3	10	0
20
Fyy7aSH6tb
2024	3	12
13:00
Форсаж 7
4	1	0
20
Fyy7aSH6tb
2024	3	12
13:00
Форсаж 7
4	2	0
20
Fyy7aSH6tb
2024	3	12
13:00
Форсаж 7
4	3	0
20
Fyy7aSH6tb
2024	3	12
13:00
Форсаж 7
4	4	0
20
Fyy7aSH6tb
2024	3	12
13:00
Форсаж 7
4	5	0
20
Fyy7aSH6tb
2024	3	12
13:00
Форсаж 7
4	6	0
20
Fyy7aSH6tb
2024	3	12
13:00
Форсаж 7
4	7	0
20
Fyy7aSH6tb
2024	3	12
13:00
Форсаж 7
4	8	0
20
Fyy7aSH6tb
2024	3	12
13:00
Форсаж 7
4	9	0
20
Fyy7aSH6tb
2024	3	12
13:00
Форсаж 7
4	10	0
20
Fyy7aSH6tb
2024	3	12
13:00
Форсаж 7
1	1	0
15
n9aoJBFysk
2024	3	23
16:00
Бабайка 1
1	2	0
15
n9aoJBFysk
2024	3	23
16:00
Бабайка 1
1	3	0
15
n9aoJBFysk
2024	3	23
16:00
Бабайка 1
1	4	0
15
n9aoJBFysk
2024	3	23
16:00
Бабайка 1
1	5	0
15
n9aoJBFysk
2024	3	23
16:00
Бабайка 1
1	6	0
15
n9aoJBFysk
2024	3	23
16:00
Бабайка 1
1	7	0
15
n9aoJBFysk
2024	3	23
16:00
Бабайка 1
1	8	0
15
n9aoJBFysk
2024	3	23
16:00
Бабайка 1
1	9	0
15
n9aoJBFysk
2024	3	23
16:00
Бабайка 1
1	10	0
15
n9aoJBFysk
2024	3	23
16:00
Бабайка 1
2	1	0
15
n9aoJBFysk
2024	3	23
16:00
Бабайка 1
2	2	0
15
n9aoJBFysk
2024	3	23
16:00
Бабайка 1
2	3	0
15
n9aoJBFysk
2024	3	23
16:00
Бабайка 1
2	4	0
15
n9aoJBFysk
2024	3	23
16:00
Бабайка 1
2	5	0
15
n9aoJBFysk
2024	3	23
16:00
Бабайка 1
2	6	0
15
n9aoJBFysk
2024	3	23
16:00
Бабайка 1
2	7	0
15
n9aoJBFysk
2024	3	23
16:00
Бабайка 1
2	8	0
15
n9aoJBFysk
2024	3	23
16:00
Бабайка 1
2	9	0
15
n9aoJBFysk
2024	3	23
16:00
Бабайка 1
2	10	0
15
n9aoJBFysk
2024	3	23
16:00
Бабайка 1
3	1	0
15
n9aoJBFysk
2024	3	23
16:00
Бабайка 1
3	2	0
15
n9aoJBFysk
2024	3	23
16:00
Бабайка 1
3	3	0
15
n9aoJBFysk
2024	3	23
16:00
Бабайка 1
3	4	0
15
n9aoJBFysk
2024	3	23
16:00
Бабайка 1
3	5	0
15
n9aoJBFysk
2024	3	23
16:00
Бабайка 1
3	6	0
15
n9aoJBFysk
2024	3	23
16:00
Бабайка 1
3	7	0
15
n9aoJBFysk
2024	3	23
16:00
Бабайка 1
3	8	0
15
n9aoJBFysk
2024	3	23
16:00
Бабайка 1
3	9	0
15
n9aoJBFysk
2024	3	23
16:00
Бабайка 1
3	10	0
15
n9aoJBFysk
2024	3	23
16:00
Бабайка 1
4	1	0
15
n9aoJBFysk
2024	3	23
16:00
Бабайка 1
4	2	0
15
n9aoJBFysk
2024	3	23
16:00
Бабайка 1
4	3	0
15
n9aoJBFysk
2024	3	23
16:00
Бабайка 1
4	4	0
15
n9aoJBFysk
2024	3	23
16:00
Бабайка 1
4	5	0
15
n9aoJBFysk
2024	3	23
16:00
Бабайка 1
4	6	0
15
n9aoJBFysk
2024	3	23
16:00
Бабайка 1
4	7	0
15
n9aoJBFysk
2024	3	23
16:00
Бабайка 1
4	8	0
15
n9aoJBFysk
2024	3	23
16:00
Бабайка 1
4	9	0
15
n9aoJBFysk
2024	3	23
16:00
Бабайка 1
4	10	0
15
n9aoJBFysk
2024	3	23
16:00
Бабайка 1
1	1	0
20
C6jP8z40A4
2024	12	12
15:00
Елки 5
1	2	0
20
C6jP8z40A4
2024	12	12
15:00
Елки 5
1	3	0
20
C6jP8z40A4
2024	12	12
15:00
Елки 5
1	4	0
20
C6jP8z40A4
2024	12	12
15:00
Елки 5
1	5	0
20
C6jP8z40A4
2024	12	12
15:00
Елки 5
1	6	0
20
C6jP8z40A4
2024	12	12
15:00
Елки 5
1	7	0
20
C6jP8z40A4
2024	12	12
15:00
Елки 5
1	8	0
20
C6jP8z40A4
2024	12	12
15:00
Елки 5
1	9	0
20
C6jP8z40A4
2024	12	12
15:00
Елки 5
1	10	0
20
C6jP8z40A4
2024	12	12
15:00
Елки 5
2	1	0
20
C6jP8z40A4
2024	12	12
15:00
Елки 5
2	2	0
20
C6jP8z40A4
2024	12	12
15:00
Елки 5
2	3	0
20
C6jP8z40A4
2024	12	12
15:00
Елки 5
2	4	0
20
C6jP8z40A4
2024	12	12
15:00
Елки 5
2	5	0
20
C6jP8z40A4
2024	12	12
15:00
Елки 5
2	6	0
20
C6jP8z40A4
2024	12	12
15:00
Елки 5
2	7	0
20
C6jP8z40A4
2024	12	12
15:00
Елки 5
2	8	0
20
C6jP8z40A4
2024	12	12
15:00
Елки 5
2	9	0
20
C6jP8z40A4
2024	12	12
15:00
Елки 5
2	10	0
20
C6jP8z40A4
2024	12	12
15:00
Елки 5
3	1	0
20
C6jP8z40A4
2024	12	12
15:00
Елки 5
3	2	0
20
C6jP8z40A4
2024	12	12
15:00
Елки 5
3	3	0
20
C6jP8z40A4
2024	12	12
15:00
Елки 5
3	4	0
20
C6jP8z40A4
2024	12	12
15:00
Елки 5
3	5	0
20
C6jP8z40A4
2024	12	12
15:00
Елки 5
3	6	0
20
C6jP8z40A4
2024	12	12
15:00
Елки 5
3	7	0
20
C6jP8z40A4
2024	12	12
15:00
Елки 5
3	8	0
20
C6jP8z40A4
2024	12	12
15:00
Елки 5
3	9	0
20
C6jP8z40A4
2024	12	12
15:00
Елки 5
3	10	0
20
C6jP8z40A4
2024	12	12
15:00
Елки 5
4	1	0
20
C6jP8z40A4
2024	12	12
15:00
Елки 5
4	2	0
20
C6jP8z40A4
2024	12	12
15:00
Елки 5
4	3	0
20
C6jP8z40A4
2024	12	12
15:00
Елки 5
4	4	1001
20
C6jP8z40A4
2024	12	12
15:00
Елки 5
4	5	0
20
C6jP8z40A4
2024	12	12
15:00
Елки 5
4	6	0
20
C6jP8z40A4
2024	12	12
15:00
Елки 5
4	7	0
20
C6jP8z40A4
2024	12	12
15:00
Елки 5
4	8	0
20
C6jP8z40A4
2024	12	12
15:00
Елки 5
4	9	0
20
C6jP8z40A4
2024	12	12
15:00
Елки 5
4	10	0
20
C6jP8z40A4
2024	12	12
15:00
Елки 5
1	1	0
25
f8CCgSKU77
2026	10	30
19:00
Человек-паук
1	2	0
25
f8CCgSKU77
2026	10	30
19:00
Человек-паук
1	3	0
25
f8CCgSKU77
2026	10	30
19:00
Человек-паук
1	4	0
25
f8CCgSKU77
2026	10	30
19:00
Человек-паук
1	5	0
25
f8CCgSKU77
2026	10	30
19:00
Человек-паук
1	6	0
25
f8CCgSKU77
2026	10	30
19:00
Человек-паук
1	7	0
25
f8CCgSKU77
2026	10	30
19:00
Человек-паук
1	8	0
25
f8CCgSKU77
2026	10	30
19:00
Человек-паук
1	9	0
25
f8CCgSKU77
2026	10	30
19:00
Человек-паук
1	10	0
25
f8CCgSKU77
2026	10	30
19:00
Человек-паук
2	1	0
25
f8CCgSKU77
2026	10	30
19:00
Человек-паук
2	2	0
25
f8CCgSKU77
2026	10	30
19:00
Человек-паук
2	3	0
25
f8CCgSKU77
2026	10	30
19:00
Человек-паук
2	4	0
25
f8CCgSKU77
2026	10	30
19:00
Человек-паук
2	5	0
25
f8CCgSKU77
2026	10	30
19:00
Человек-паук
2	6	0
25
f8CCgSKU77
2026	10	30
19:00
Человек-паук
2	7	0
25
f8CCgSKU77
2026	10	30
19:00
Человек-паук
2	8	0
25
f8CCgSKU77
2026	10	30
19:00
Человек-паук
2	9	0
25
f8CCgSKU77
2026	10	30
19:00
Человек-паук
2	10	0
25
f8CCgSKU77
2026	10	30
19:00
Человек-паук
3	1	0
25
f8CCgSKU77
2026	10	30
19:00
Человек-паук
3	2	0
25
f8CCgSKU77
2026	10	30
19:00
Человек-паук
3	3	0
25
f8CCgSKU77
2026	10	30
19:00
Человек-паук
3	4	0
25
f8CCgSKU77
2026	10	30
19:00
Человек-паук
3	5	0
25
f8CCgSKU77
2026	10	30
19:00
Человек-паук
3	6	0
25
f8CCgSKU77
2026	10	30
19:00
Человек-паук
3	7	0
25
f8CCgSKU77
2026	10	30
19:00
Человек-паук
3	8	0
25
f8CCgSKU77
2026	10	30
19:00
Человек-паук
3	9	0
25
f8CCgSKU77
2026	10	30
19:00
Человек-паук
3	10	0
25
f8CCgSKU77
2026	10	30
19:00
Человек-паук
4	1	0
25
f8CCgSKU77
2026	10	30
19:00
Человек-паук
4	2	0
25
f8CCgSKU77
2026	10	30
19:00
Человек-паук
4	3	0
25
f8CCgSKU77
2026	10	30
19:00
Человек-паук
4	4	0
25
f8CCgSKU77
2026	10	30
19:00
Человек-паук
4	5	0
25
f8CCgSKU77
2026	10	30
19:00
Человек-паук
4	6	0
25
f8CCgSKU77
2026	10	30
19:00
Человек-паук
4	7	0
25
f8CCgSKU77
2026	10	30
19:00
Человек-паук
4	8	0
25
f8CCgSKU77
2026	10	30
19:00
Человек-паук
4	9	0
25
f8CCgSKU77
2026	10	30
19:00
Человек-паук
4	10	0
25
f8CCgSKU77
2026	10	30
19:00
Человек-паук
5	1	0
25
f8CCgSKU77
2026	10	30
19:00
Человек-паук
5	2	0
25
f8CCgSKU77
2026	10	30
19:00
Человек-паук
5	3	0
25
f8CCgSKU77
2026	10	30
19:00
Человек-паук
5	4	0
25
f8CCgSKU77
2026	10	30
19:00
Человек-паук
5	5	0
25
f8CCgSKU77
2026	10	30
19:00
Человек-паук
5	6	0
25
f8CCgSKU77
2026	10	30
19:00
Человек-паук
5	7	0
25
f8CCgSKU77
2026	10	30
19:00
Человек-паук
5	8	0
25
f8CCgSKU77
2026	10	30
19:00
Человек-паук
5	9	0
25
f8CCgSKU77
2026	10	30
19:00
Человек-паук
5	10	0
25
f8CCgSKU77
2026	10	30
19:00
Человек-паук
6	1	0
25
f8CCgSKU77
2026	10	30
19:00
Человек-паук
6	2	0
25
f8CCgSKU77
2026	10	30
19:00
Человек-паук
6	3	0
25
f8CCgSKU77
2026	10	30
19:00
Человек-паук
6	4	0
25
f8CCgSKU77
2026	10	30
19:00
Человек-паук
6	5	0
25
f8CCgSKU77
2026	10	30
19:00
Человек-паук
6	6	0
25
f8CCgSKU77
2026	10	30
19:00
Человек-паук
6	7	0
25
f8CCgSKU77
2026	10	30
19:00
Человек-паук
6	8	0
25
f8CCgSKU77
2026	10	30
19:00
Человек-паук
6	9	0
25
f8CCgSKU77
2026	10	30
19:00
Человек-паук
6	10	0
25
f8CCgSKU77
2026	10	30
19:00
Человек-паук
7	1	0
25
f8CCgSKU77
2026	10	30
19:00
Человек-паук
7	2	0
25
f8CCgSKU77
2026	10	30
19:00
Человек-паук
7	3	0
25
f8CCgSKU77
2026	10	30
19:00
Человек-паук
7	4	0
25
f8CCgSKU77
2026	10	30
19:00
Человек-паук
7	5	0
25
f8CCgSKU77
2026	10	30
19:00
Человек-паук
7	6	0
25
f8CCgSKU77
2026	10	30
19:00
Человек-паук
7	7	0
25
f8CCgSKU77
2026	10	30
19:00
Человек-паук
7	8	0
25
f8CCgSKU77
2026	10	30
19:00
Человек-паук
7	9	0
25
f8CCgSKU77
2026	10	30
19:00
Человек-паук
7	10	0
25
f8CCgSKU77
2026	10	30
19:00
Человек-паук
8	1	0
25
f8CCgSKU77
2026	10	30
19:00
Человек-паук
8	2	0
25
f8CCgSKU77
2026	10	30
19:00
Человек-паук
8	3	0
25
f8CCgSKU77
2026	10	30
19:00
Человек-паук
8	4	0
25
f8CCgSKU77
2026	10	30
19:00
Человек-паук
8	5	0
25
f8CCgSKU77
2026	10	30
19:00
Человек-паук
8	6	0
25
f8CCgSKU77
2026	10	30
19:00
Человек-паук
8	7	0
25
f8CCgSKU77
2026	10	30
19:00
Человек-паук
8	8	0
25
f8CCgSKU77
2026	10	30
19:00
Человек-паук
8	9	0
25
f8CCgSKU77
2026	10	30
19:00
Человек-паук
8	10	0
25
f8CCgSKU77
2026	10	30
19:00
Человек-паук
9	1	0
25
f8CCgSKU77
2026	10	30
19:00
Человек-паук
9	2	0
25
f8CCgSKU77
2026	10	30
19:00
Человек-паук
9	3	1001
25
f8CCgSKU77
2026	10	30
19:00
Человек-паук
9	4	0
25
f8CCgSKU77
2026	10	30
19:00
Человек-паук
9	5	0
25
f8CCgSKU77
2026	10	30
19:00
Человек-паук
9	6	0
25
f8CCgSKU77
2026	10	30
19:00
Человек-паук
9	7	0
25
f8CCgSKU77
2026	10	30
19:00
Человек-паук
9	8	0
25
f8CCgSKU77
2026	10	30
19:00
Человек-паук
9	9	0
25
f8CCgSKU77
2026	10	30
19:00
Человек-паук
9	10	0
25
f8CCgSKU77
2026	10	30
19:00
Человек-паук
10	1	0
25
f8CCgSKU77
2026	10	30
19:00
Человек-паук
10	2	0
25
f8CCgSKU77
2026	10	30
19:00
Человек-паук
10	3	0
25
f8CCgSKU77
2026	10	30
19:00
Человек-паук
10	4	0
25
f8CCgSKU77
2026	10	30
19:00
Человек-паук
10	5	0
25
f8CCgSKU77
2026	10	30
19:00
Человек-паук
10	6	0
25
f8CCgSKU77
2026	10	30
19:00
Человек-паук
10	7	0
25
f8CCgSKU77
2026	10	30
19:00
Человек-паук
10	8	0
25
f8CCgSKU77
2026	10	30
19:00
Человек-паук
10	9	0
25
f8CCgSKU77
2026	10	30
19:00
Человек-паук
10	10	0
25
f8CCgSKU77
2026	10	30
19:00
Человек-паук
